bayou regime-shift detection summary
=====================================
Trait: a._mean | tree: analysis/integrated_analysis/phase1_phenotype/species_tree.nwk | n species: 17
MCMC generations: 20000 | burnin: 30%

bayou MCMC chain: 20000 generations
2002 samples, first 601 samples discarded as burnin


Summary statistics for parameters:
                  Mean        SD    Naive SE Time-series SE Effective Size
lnL        -35.7465791 1.3247308 0.035379657     0.10462419      160.32124
prior      -21.9723198 6.8812455 0.183777799     0.69248648       98.74418
alpha        0.2630526 0.3470217 0.009267926     0.04848007       51.23735
sig2        14.8484756 6.5626930 0.175270200     0.63148027      108.00519
k            1.8088445 1.0722542 0.028636751     0.10428562      105.71744
ntheta       2.8088445 1.0722542 0.028636751     0.10428562      105.71744
root.theta  10.4641150 0.3556131 0.009497378     0.02477577      206.01611
all theta    8.6086859 2.8694057          NA             NA             NA
              HPD95Lower HPD95Upper
lnL        -38.725837476 -33.827268
prior      -34.931286151  -8.522341
alpha        0.000739486   1.036343
sig2         6.246187459  26.502275
k            0.000000000   4.000000
ntheta       1.000000000   5.000000
root.theta   9.770658410  11.142416
all theta             NA         NA


Branches with posterior probabilities higher than  0.1 :
          pp magnitude.of.theta2 naive.SE.of.theta2 rel.location
23 0.2075606            6.461587         0.08006021    0.6841755
28 0.2004280            6.942958         0.12454804    0.4548970
29 0.1669044            6.985005         0.14634327    0.3290829
22 0.1248217            6.439846         0.21261008    0.3322881
21 0.1141227            6.379366         0.10827479    0.2075434
$statistics
                  Mean        SD    Naive SE Time-series SE Effective Size
lnL        -35.7465791 1.3247308 0.035379657     0.10462419      160.32124
prior      -21.9723198 6.8812455 0.183777799     0.69248648       98.74418
alpha        0.2630526 0.3470217 0.009267926     0.04848007       51.23735
sig2        14.8484756 6.5626930 0.175270200     0.63148027      108.00519
k            1.8088445 1.0722542 0.028636751     0.10428562      105.71744
ntheta       2.8088445 1.0722542 0.028636751     0.10428562      105.71744
root.theta  10.4641150 0.3556131 0.009497378     0.02477577      206.01611
all theta    8.6086859 2.8694057          NA             NA             NA
              HPD95Lower HPD95Upper
lnL        -38.725837476 -33.827268
prior      -34.931286151  -8.522341
alpha        0.000739486   1.036343
sig2         6.246187459  26.502275
k            0.000000000   4.000000
ntheta       1.000000000   5.000000
root.theta   9.770658410  11.142416
all theta             NA         NA

$branch.posteriors
            pp magnitude.of.theta2 naive.SE.of.theta2 rel.location
1  0.032097004            9.566535         0.32951497    0.4814510
2  0.037803138            9.744117         0.29468363    0.7475769
3  0.014978602            5.720706         0.53506474    0.2266026
4  0.021398003           12.017558         0.34021165    0.3031675
5  0.057061341            8.286651         0.26449680    0.4429981
6  0.004992867           12.249621         0.23559449    0.2046340
7  0.048502140            8.095482         0.49611305    0.6292811
8  0.014978602           10.476206         0.66940279    0.3163245
9  0.034236805           11.037897         0.52165345    0.6616988
10 0.038516405            5.329800         0.13464645    0.7947019
11 0.043509272            9.105588         0.53393207    0.4827459
12 0.029957204            8.320860         0.69647269    0.4141907
13 0.047075606           12.412358         0.47272255    0.3720908
14 0.056348074            4.159608         0.44383740    0.4326102
15 0.022111270            8.801965         0.33123940    0.5621823
16 0.007132668            7.815409         0.58182188    0.4502760
17 0.038516405           10.514461         0.40689153    0.6718297
18 0.054921541            6.761891         0.15996763    0.4396836
19 0.034950071            5.662170         0.28907713    0.6226748
20 0.017831669            6.069278         0.25611133    0.4026172
21 0.114122682            6.379366         0.10827479    0.2075434
22 0.124821683            6.439846         0.21261008    0.3322881
23 0.207560628            6.461587         0.08006021    0.6841755
24 0.039229672           11.360378         0.31701119    0.3873214
25 0.047075606            8.105267         0.37439255    0.4813859
26 0.039942939            5.050844         0.27923089    0.6771907
27 0.041369472            7.285639         0.25574657    0.7940123
28 0.200427960            6.942958         0.12454804    0.4548970
29 0.166904422            6.985005         0.14634327    0.3290829
30 0.019971469            4.786604         0.62688935    0.6393685
31 0.063480742           10.114077         0.37032430    0.5444320
32 0.087018545            8.456748         0.17442293    0.8561645

